Device: mps
Accuracy: 91.2281%

Classification report:
              precision    recall  f1-score   support

           A       1.00      1.00      1.00        28
           B       1.00      1.00      1.00        47
          CH       1.00      0.90      0.95        30
           D       1.00      0.98      0.99        55
           E       1.00      1.00      1.00        57
           F       1.00      0.83      0.91        24
           G       0.77      0.92      0.84        36
      G_star       0.91      0.93      0.92        44
           H       0.87      0.83      0.85        41
           I       0.90      0.93      0.91        46
           J       0.98      0.94      0.96        51
           K       0.95      0.95      0.95        55
           L       0.90      0.82      0.86        34
           M       0.78      0.89      0.83        44
           N       0.86      0.87      0.86        55
          NG       0.98      1.00      0.99        62
           O       0.87      0.94      0.90        48
      O_star       0.83      0.69      0.75        51
           P       0.98      0.91      0.94        45
           Q       0.93      0.96      0.95        45
           R       0.88      0.85      0.86        41
           S       1.00      0.93      0.96        28
          SH       0.82      0.90      0.86        52
           T       1.00      0.87      0.93        67
           U       0.85      0.92      0.88        36
           V       1.00      0.93      0.96        29
           X       0.93      0.93      0.93        54
           Y       0.81      0.85      0.83        41
           Z       0.82      0.92      0.87        65

    accuracy                           0.91      1311
   macro avg       0.92      0.91      0.91      1311
weighted avg       0.92      0.91      0.91      1311


Confusion matrix:
[[28  0  0  0  0  0  0  0  0  0  0  0  0  0  0  0  0  0  0  0  0  0  0  0
   0  0  0  0  0]
 [ 0 47  0  0  0  0  0  0  0  0  0  0  0  0  0  0  0  0  0  0  0  0  0  0
   0  0  0  0  0]
 [ 0  0 27  0  0  0  0  1  0  0  0  0  0  0  1  1  0  0  0  0  0  0  0  0
   0  0  0  0  0]
 [ 0  0  0 54  0  0  1  0  0  0  0  0  0  0  0  0  0  0  0  0  0  0  0  0
   0  0  0  0  0]
 [ 0  0  0  0 57  0  0  0  0  0  0  0  0  0  0  0  0  0  0  0  0  0  0  0
   0  0  0  0  0]
 [ 0  0  0  0  0 20  4  0  0  0  0  0  0  0  0  0  0  0  0  0  0  0  0  0
   0  0  0  0  0]
 [ 0  0  0  0  0  0 33  0  2  0  0  0  0  0  1  0  0  0  0  0  0  0  0  0
   0  0  0  0  0]
 [ 0  0  0  0  0  0  0 41  0  0  0  0  0  0  0  0  0  0  0  0  1  0  0  0
   0  0  0  1  1]
 [ 0  0  0  0  0  0  5  0 34  2  0  0  0  0  0  0  0  0  0  0  0  0  0  0
   0  0  0  0  0]
 [ 0  0  0  0  0  0  0  0  3 43  0  0  0  0  0  0  0  0  0  0  0  0  0  0
   0  0  0  0  0]
 [ 0  0  0  0  0  0  0  0  0  3 48  0  0  0  0  0  0  0  0  0  0  0  0  0
   0  0  0  0  0]
 [ 0  0  0  0  0  0  0  0  0  0  1 52  0  1  1  0  0  0  0  0  0  0  0  0
   0  0  0  0  0]
 [ 0  0  0  0  0  0  0  0  0  0  0  2 28  4  0  0  0  0  0  0  0  0  0  0
   0  0  0  0  0]
 [ 0  0  0  0  0  0  0  0  0  0  0  0  2 39  2  0  0  0  1  0  0  0  0  0
   0  0  0  0  0]
 [ 0  0  0  0  0  0  0  0  0  0  0  0  0  5 48  0  1  0  0  0  1  0  0  0
   0  0  0  0  0]
 [ 0  0  0  0  0  0  0  0  0  0  0  0  0  0  0 62  0  0  0  0  0  0  0  0
   0  0  0  0  0]
 [ 0  0  0  0  0  0  0  0  0  0  0  0  0  1  1  0 45  0  0  1  0  0  0  0
   0  0  0  0  0]
 [ 0  0  0  0  0  0  0  1  0  0  0  0  0  0  0  0  0 35  0  0  0  0  5  0
   0  0  1  0  9]
 [ 0  0  0  0  0  0  0  0  0  0  0  0  0  0  1  0  3  0 41  0  0  0  0  0
   0  0  0  0  0]
 [ 0  0  0  0  0  0  0  0  0  0  0  0  0  0  1  0  0  0  0 43  1  0  0  0
   0  0  0  0  0]
 [ 0  0  0  0  0  0  0  0  0  0  0  1  1  0  0  0  2  0  0  1 35  0  1  0
   0  0  0  0  0]
 [ 0  0  0  0  0  0  0  0  0  0  0  0  0  0  0  0  0  0  0  1  0 26  0  0
   0  0  0  1  0]
 [ 0  0  0  0  0  0  0  0  0  0  0  0  0  0  0  0  0  4  0  0  0  0 47  0
   0  0  0  1  0]
 [ 0  0  0  0  0  0  0  0  0  0  0  0  0  0  0  0  1  0  0  0  2  0  0 58
   5  0  0  1  0]
 [ 0  0  0  0  0  0  0  0  0  0  0  0  0  0  0  0  0  0  0  0  0  0  3  0
  33  0  0  0  0]
 [ 0  0  0  0  0  0  0  0  0  0  0  0  0  0  0  0  0  0  0  0  0  0  0  0
   0 27  2  0  0]
 [ 0  0  0  0  0  0  0  0  0  0  0  0  0  0  0  0  0  0  0  0  0  0  0  0
   0  0 50  4  0]
 [ 0  0  0  0  0  0  0  1  0  0  0  0  0  0  0  0  0  0  0  0  0  0  1  0
   0  0  1 35  3]
 [ 0  0  0  0  0  0  0  1  0  0  0  0  0  0  0  0  0  3  0  0  0  0  0  0
   1  0  0  0 60]]