Accuracy: 93.7452%
Train samples: 5236
Test samples: 1311
Trees: 700
Features: 42

              precision    recall  f1-score   support

           A       1.00      0.96      0.98        28
           B       0.98      1.00      0.99        47
          CH       1.00      0.90      0.95        30
           D       1.00      1.00      1.00        55
           E       1.00      1.00      1.00        57
           F       1.00      1.00      1.00        24
           G       0.94      0.94      0.94        36
      G_star       0.98      0.98      0.98        44
           H       0.90      0.93      0.92        41
           I       0.93      0.91      0.92        46
           J       1.00      0.98      0.99        51
           K       0.98      0.95      0.96        55
           L       0.77      0.71      0.74        34
           M       0.83      0.89      0.86        44
           N       0.96      0.95      0.95        55
          NG       1.00      1.00      1.00        62
           O       0.81      0.98      0.89        48
      O_star       0.88      0.88      0.88        51
           P       0.93      0.93      0.93        45
           Q       0.98      0.93      0.95        45
           R       0.95      0.85      0.90        41
           S       0.96      0.96      0.96        28
          SH       0.90      0.83      0.86        52
           T       0.98      0.96      0.97        67
           U       0.89      0.89      0.89        36
           V       0.97      0.97      0.97        29
           X       0.98      0.98      0.98        54
           Y       0.81      0.93      0.86        41
           Z       0.88      0.92      0.90        65

    accuracy                           0.94      1311
   macro avg       0.94      0.93      0.94      1311
weighted avg       0.94      0.94      0.94      1311
