Accuracy: 93.2876%

Classification report:
              precision    recall  f1-score   support

           A       1.00      0.96      0.98        28
           B       0.98      1.00      0.99        47
          CH       0.93      0.87      0.90        30
           D       1.00      1.00      1.00        55
           E       1.00      1.00      1.00        57
           F       1.00      1.00      1.00        24
           G       0.94      0.94      0.94        36
      G_star       0.98      0.98      0.98        44
           H       0.93      0.95      0.94        41
           I       0.96      0.93      0.95        46
           J       1.00      0.98      0.99        51
           K       0.98      0.95      0.96        55
           L       0.79      0.79      0.79        34
           M       0.85      0.89      0.87        44
           N       0.95      0.95      0.95        55
          NG       0.98      0.98      0.98        62
           O       0.82      0.98      0.90        48
      O_star       0.87      0.78      0.82        51
           P       0.91      0.93      0.92        45
           Q       1.00      0.93      0.97        45
           R       0.92      0.85      0.89        41
           S       0.96      0.96      0.96        28
          SH       0.85      0.87      0.86        52
           T       0.98      0.88      0.93        67
           U       0.89      0.92      0.90        36
           V       0.97      0.97      0.97        29
           X       0.96      0.98      0.97        54
           Y       0.81      0.93      0.86        41
           Z       0.87      0.89      0.88        65

    accuracy                           0.93      1311
   macro avg       0.93      0.93      0.93      1311
weighted avg       0.93      0.93      0.93      1311


Labels:
A, B, CH, D, E, F, G, G_star, H, I, J, K, L, M, N, NG, O, O_star, P, Q, R, S, SH, T, U, V, X, Y, Z

Confusion matrix:
[[27  1  0  0  0  0  0  0  0  0  0  0  0  0  0  0  0  0  0  0  0  0  0  0
   0  0  0  0  0]
 [ 0 47  0  0  0  0  0  0  0  0  0  0  0  0  0  0  0  0  0  0  0  0  0  0
   0  0  0  0  0]
 [ 0  0 26  0  0  0  0  0  0  0  0  0  0  0  0  1  1  0  0  0  0  0  1  0
   1  0  0  0  0]
 [ 0  0  0 55  0  0  0  0  0  0  0  0  0  0  0  0  0  0  0  0  0  0  0  0
   0  0  0  0  0]
 [ 0  0  0  0 57  0  0  0  0  0  0  0  0  0  0  0  0  0  0  0  0  0  0  0
   0  0  0  0  0]
 [ 0  0  0  0  0 24  0  0  0  0  0  0  0  0  0  0  0  0  0  0  0  0  0  0
   0  0  0  0  0]
 [ 0  0  0  0  0  0 34  0  1  0  0  0  0  0  0  0  1  0  0  0  0  0  0  0
   0  0  0  0  0]
 [ 0  0  0  0  0  0  0 43  0  0  0  0  0  0  0  0  0  0  0  0  0  0  0  0
   0  0  0  1  0]
 [ 0  0  0  0  0  0  1  0 39  1  0  0  0  0  0  0  0  0  0  0  0  0  0  0
   0  0  0  0  0]
 [ 0  0  0  0  0  0  1  0  2 43  0  0  0  0  0  0  0  0  0  0  0  0  0  0
   0  0  0  0  0]
 [ 0  0  0  0  0  0  0  0  0  1 50  0  0  0  0  0  0  0  0  0  0  0  0  0
   0  0  0  0  0]
 [ 0  0  0  0  0  0  0  0  0  0  0 52  0  2  0  0  0  0  0  0  0  0  0  0
   0  0  0  1  0]
 [ 0  0  0  0  0  0  0  0  0  0  0  1 27  2  3  0  1  0  0  0  0  0  0  0
   0  0  0  0  0]
 [ 0  0  0  0  0  0  0  0  0  0  0  0  4 39  0  0  0  0  1  0  0  0  0  0
   0  0  0  0  0]
 [ 0  0  0  0  0  0  0  0  0  0  0  0  0  1 52  0  1  0  0  0  0  1  0  0
   0  0  0  0  0]
 [ 0  0  1  0  0  0  0  0  0  0  0  0  0  0  0 61  0  0  0  0  0  0  0  0
   0  0  0  0  0]
 [ 0  0  0  0  0  0  0  0  0  0  0  0  0  1  0  0 47  0  0  0  0  0  0  0
   0  0  0  0  0]
 [ 0  0  0  0  0  0  0  0  0  0  0  0  0  0  0  0  0 40  0  0  0  0  4  1
   0  0  1  0  5]
 [ 0  0  0  0  0  0  0  0  0  0  0  0  0  0  0  0  3  0 42  0  0  0  0  0
   0  0  0  0  0]
 [ 0  0  0  0  0  0  0  0  0  0  0  0  0  0  0  0  1  0  1 42  1  0  0  0
   0  0  0  0  0]
 [ 0  0  0  0  0  0  0  0  0  0  0  0  3  1  0  0  0  0  2  0 35  0  0  0
   0  0  0  0  0]
 [ 0  0  0  0  0  0  0  0  0  0  0  0  0  0  0  0  1  0  0  0  0 27  0  0
   0  0  0  0  0]
 [ 0  0  0  0  0  0  0  0  0  0  0  0  0  0  0  0  0  1  0  0  0  0 45  0
   0  0  0  5  1]
 [ 0  0  0  0  0  0  0  0  0  0  0  0  0  0  0  0  1  0  0  0  2  0  0 59
   3  0  0  2  0]
 [ 0  0  0  0  0  0  0  0  0  0  0  0  0  0  0  0  0  0  0  0  0  0  3  0
  33  0  0  0  0]
 [ 0  0  0  0  0  0  0  0  0  0  0  0  0  0  0  0  0  0  0  0  0  0  0  0
   0 28  1  0  0]
 [ 0  0  0  0  0  0  0  0  0  0  0  0  0  0  0  0  0  0  0  0  0  0  0  0
   0  1 53  0  0]
 [ 0  0  0  0  0  0  0  0  0  0  0  0  0  0  0  0  0  0  0  0  0  0  0  0
   0  0  0 38  3]
 [ 0  0  1  0  0  0  0  1  0  0  0  0  0  0  0  0  0  5  0  0  0  0  0  0
   0  0  0  0 58]]